IMG_5326.JPG 3.463 -2.065 0.000
IMG_5334.JPG 3.044 -1.413 0.000
IMG_5332.JPG 3.995 -1.021 0.000
IMG_5327.JPG 3.963 -0.777 0.000
IMG_5328.JPG 4.093 -0.151 0.000
IMG_5333.JPG 4.297 -1.001 0.000
IMG_5319.JPG 4.428 -1.445 0.000
IMG_5320.JPG 3.072 -1.743 0.000
IMG_5318.JPG 4.034 -1.387 0.000
IMG_5331.JPG 2.988 -1.988 0.000
IMG_5322.JPG 2.433 -2.302 0.000
IMG_5321.JPG 3.600 -1.942 0.000
IMG_5324.JPG 2.390 -2.043 0.000
IMG_5323.JPG 1.241 -2.247 0.000
IMG_5329.JPG 1.348 -2.204 0.000
IMG_5330.JPG 0.716 -2.281 0.000
IMG_5317.JPG 1.544 -1.608 0.000
IMG_5325.JPG 2.006 -1.309 0.000
IMG_5316.JPG 0.87 -2.07 0.0